0 0.15896 0.121701 0.31792 0.2167
0 0.145423 0.11961 0.290846 0.219249
0 0.160099 0.121392 0.320198 0.216727
0 0.158506 0.120902 0.317012 0.215072
0 0.214779 0.136107 0.429558 0.26365
0 0.163182 0.125005 0.326363 0.227297
0 0.162495 0.122566 0.32499 0.223414
0 0.163181 0.123047 0.326362 0.221811
0 0.140566 0.148525 0.281131 0.276431
0 0.162756 0.122057 0.325512 0.220917
0 0.164602 0.122571 0.329203 0.221576
0 0.161389 0.123234 0.322778 0.221363
0 0.160088 0.123046 0.320176 0.220715
0 0.161208 0.121543 0.322416 0.220533
0 0.161036 0.12142 0.322072 0.218785
0 0.162238 0.124285 0.324476 0.223135
