0 0.118069 0.144795 0.230827 0.289589
0 0.120309 0.149993 0.236512 0.297223
0 0.132968 0.141858 0.261419 0.27959
0 0.791618 0.283365 0.102031 0.176632
0 0.122104 0.153868 0.24051 0.297843
0 0.126576 0.149389 0.251991 0.298778
0 0.124735 0.14271 0.245608 0.285419
0 0.145549 0.159376 0.289422 0.318753
0 0.136628 0.156428 0.27133 0.312856
0 0.155604 0.136504 0.311207 0.264974
0 0.129889 0.168353 0.256261 0.336705
0 0.144056 0.143756 0.288111 0.272126
0 0.120007 0.148505 0.235871 0.29701
0 0.137282 0.159416 0.273323 0.318832
0 0.121073 0.153331 0.240844 0.306661
0 0.139978 0.153767 0.279444 0.307534
0 0.121408 0.164107 0.239647 0.328215
0 0.140234 0.135872 0.280469 0.265619
0 0.123033 0.154261 0.2443 0.308522
0 0.132572 0.159467 0.262966 0.318934
0 0.120942 0.150994 0.240461 0.301989
0 0.13844 0.160827 0.27475 0.321654
0 0.120623 0.137502 0.241246 0.275004
0 0.123485 0.157489 0.244642 0.314977
0 0.140238 0.138155 0.280475 0.266446
0 0.121493 0.140247 0.238355 0.280494
0 0.117582 0.138538 0.235164 0.277077
0 0.12603 0.153256 0.250632 0.306511
0 0.120315 0.155131 0.236724 0.310262
0 0.121123 0.152318 0.24107 0.304637
0 0.121023 0.137896 0.236707 0.275791
0 0.119065 0.171646 0.232885 0.343292
