0 0.14133 0.14812 0.282659 0.281592
0 0.140461 0.148607 0.276435 0.279442
0 0.507806 0.787867 0.262561 0.424266
0 0.659774 0.640715 0.288163 0.71857
0 0.606295 0.645554 0.398416 0.708892
0 0.117519 0.141614 0.235037 0.26924
0 0.18379 0.142744 0.36758 0.274946
0 0.709847 0.676636 0.289548 0.566895
0 0.131963 0.131161 0.263926 0.248835
0 0.177015 0.142507 0.354029 0.272913
0 0.138095 0.132842 0.27619 0.252633
0 0.168135 0.144001 0.33627 0.274559
0 0.166342 0.143115 0.332684 0.27599
0 0.186897 0.143368 0.373793 0.274186
0 0.192051 0.144347 0.384101 0.275718
