0 0.203269 0.061421 0.31433 0.114395
0 0.202933 0.0615432 0.315724 0.117246
0 0.203061 0.0616686 0.316575 0.116461
0 0.202694 0.061356 0.314673 0.115111
0 0.202271 0.0578224 0.31334 0.110585
0 0.203316 0.0590157 0.314641 0.11108
0 0.203245 0.0585376 0.313867 0.109439
0 0.202407 0.0594472 0.312791 0.111275
0 0.203223 0.058924 0.314099 0.111334
0 0.202541 0.0592945 0.312939 0.111347
0 0.20373 0.0602015 0.315381 0.113632
0 0.20376 0.0591779 0.314511 0.110003
0 0.203543 0.0582156 0.313877 0.108879
0 0.20345 0.0591507 0.314416 0.11089
0 0.202852 0.0588018 0.313762 0.111578
0 0.203252 0.0602299 0.314473 0.112707
0 0.203718 0.059307 0.315367 0.111203
0 0.202822 0.0590654 0.314069 0.111353
0 0.202931 0.0594069 0.313681 0.112093
0 0.203544 0.0590656 0.315177 0.111644
0 0.203144 0.0580738 0.315468 0.110459
0 0.203229 0.0593227 0.313834 0.109642
0 0.202941 0.0579324 0.312878 0.108892
0 0.202825 0.0587455 0.312109 0.11015
0 0.202941 0.0589335 0.314779 0.110438
0 0.203092 0.0583334 0.314391 0.110787
0 0.203701 0.0584276 0.314891 0.110045
0 0.203157 0.0588145 0.313343 0.109548
